2172935680
2174144000
2429305350
2068826130
2430403602
2018301461
2409220121
2315491355
2430330402
2884530218
2776500270
2430499887
2614357554
2431713842
2174342210
2008177221
2890054726
2173781580
2068888660
2008477271
2174247000
2429412440
2890587738
2701168732
2892232797
2172059740
2890720355
2887519847
2171977320
2738967145
2892009065
2893700716
2314899565
2430620782
1165549679
2196399735
2007959161
2017694331
2018656381
2172230270
2796020865
2068596360
2796093065
2431467662
2738915985
2842193046
2018765463
2892420760
2187659934
1707650206
2174311070
2315615905
2831548064
2641386144
2430543012
2174792870
2796054695
2172173480
2796122795
1145770669
2739128495
2554959024
2739038385
2401192115
2430103220
2428697270
2172049590
2018117821
2018477761
2008052931
2428910790
2018826954
2008620751
2008517841
2188037844
2430546137
2008008411
2431230172
2026555103
2431182052
2007503591
2893642984
2401751275
2083772139
2315412205
2892390126
2068039920
2409144563
2172534010
2555461374
2172942590
2007736581
2431559942
2172262150
1127937289
2853633802
1130637579
2523140876
1147940619
2428365070
2675776783
2175211280
2430582032
2018715411
2833609491
2431226132
2068311830
2885039895
2430162200
2018458393
1038013209
2018439453
2007767841
2555822884
2008834861
2555945774
1160014129
2401384755
2017698611
2795828535
2173578040
2175231290
2768700741
1135353159
2008448841
2739339085
2894123342
2892380502
2523653466
2795901275
2007283551
2739277665
2554979684
2556260714
2083388269
2429172590
2853643632
2430062450
1164379509
2315216245
2172002680
2776400250
2431829372
2890123137
2175757190
2523426186
2018154381
2428596110
2430440847
2083803539
2083329429
2315051925
2555495324
2315394975
2780009887
2409159073
2778559393
2428448160
2018374563
2007241131
2083315639
2068379580
2257030592
2892234182
1156989899
2428475340
2409229774
2172070350
2776114133
2068983770
2555627994
2175247840
2315531745
2776532960
2795728355
2315281385
2739027455
2409126381
2172148720
2431720952
2377330173
2738592255
